294.781
294.781
294.781
294.781
294.781
294.781
294.781
294.781
294.781
294.781
294.781
294.781
294.781
294.781
294.781
294.781
294.781
294.781
294.781
294.781
294.781
294.781
294.781
294.781
294.781
294.781
294.781
294.781
294.781
294.781
294.781
294.781
294.781
294.781
294.781
294.781
294.781
294.781
294.781
294.781
294.781
294.781
294.781
294.781
294.781
294.781
294.781
294.781
294.781
294.781
294.781
294.781
294.781
294.781
294.781
294.781
294.781
294.781
294.781
294.781
294.781
294.781
294.781
294.781
294.781
294.781
294.781
294.781
294.781
294.781
294.781
294.781
294.781
294.781
294.781
294.781
294.781
294.781
294.781
294.781
294.781
294.781
294.781
294.781
294.781
294.759
294.759
294.759
294.759
294.759
294.781
294.781
294.781
294.781
294.781
294.781
294.781
294.781
294.759
294.781
294.803
294.781
294.781
294.781
294.781
294.781
294.781
294.781
294.781
294.781
294.781
294.803
294.803
294.825
294.825
294.825
294.803
294.781
294.693
294.21
292.276
289.463
282.432
275.554
264.677
253.514
241.209
227.826
215.675
205.852
202.073
202.029
202.381
204.995
211.763
222.355
230.463
239.055
246.219
254.942
263.996
272.631
282.739
293.133
301.395
309.965
313.921
314.14
313.261
306.889
296.517
283.443
269.863
252.635
237.385
223.256
211.851
202.117
198.557
197.392
197.832
203.303
214.049
227.87
242.022
254.679
267.555
282.08
297.594
310.537
316.008
316.755
316.689
315.942
310.361
303.483
292.1
280.212
266.435
250.613
233.825
216.905
202.578
194.03
189.306
189.438
190.273
195.085
206.424
220.663
237.715
255.624
274.741
292.386
304.054
310.932
312.251
312.163
311.064
304.779
293.463
279.751
266.369
250.943
235.034
218.949
204.138
195.525
189.965
189.899
191.196
197.81
211.192
226.925
243.098
259.381
276.433
291.221
301.307
307.328
308.295
307.9
305.614
294.825
283.64
270.764
255.733
238.396
221.278
205.786
195.854
188.735
187.526
187.526
187.592
188.801
194.734
207.544
221.036
235.715
253.162
270.28
278.696
280.674
280.652
280.168
280.168
280.168
280.168
280.168
280.146
280.146
280.146
280.146
280.146
280.146
280.146
280.146
280.146
280.146
280.146
280.146
